,date,CPI,unemployment_rate,interest_rate,house_price_index,inflation_rate,house_price_inflation
0,1988-01-01,116.0,5.7,6.83,68.583,4.129263913824044,
1,1988-02-01,116.2,5.7,6.58,68.916,3.9355992844364973,
2,1988-03-01,116.5,5.7,6.58,69.324,3.832442067736186,
3,1988-04-01,117.2,5.4,6.87,69.788,3.9929015084294583,
4,1988-05-01,117.5,5.6,7.09,70.407,3.9823008849557473,
5,1988-06-01,118.0,5.4,7.51,71.066,3.96475770925111,
6,1988-07-01,118.5,5.4,7.75,71.684,4.130052724077338,
7,1988-08-01,119.0,5.6,8.01,72.184,4.111986001749779,
8,1988-09-01,119.5,5.4,8.19,72.573,4.184829991281602,
9,1988-10-01,119.9,5.4,8.3,72.821,4.260869565217407,
10,1988-11-01,120.3,5.3,8.35,73.064,4.246100519930662,
11,1988-12-01,120.7,5.3,8.76,73.277,4.4117647058823595,
12,1989-01-01,121.2,5.4,9.12,73.617,4.482758620689653,7.340011373080801
13,1989-02-01,121.6,5.2,9.36,73.968,4.647160068846801,7.330663416332928
14,1989-03-01,122.2,5.0,9.85,74.41,4.892703862660941,7.336564537533907
15,1989-04-01,123.1,5.2,9.84,74.867,5.034129692832767,7.277755488049542
16,1989-05-01,123.7,5.2,9.81,75.295,5.276595744680845,6.942491513627913
17,1989-06-01,124.1,5.3,9.53,75.694,5.1694915254237195,6.512256212534817
18,1989-07-01,124.5,5.2,9.24,76.039,5.063291139240511,6.075274817253518
19,1989-08-01,124.5,5.2,8.99,76.269,4.621848739495804,5.659148841848616
20,1989-09-01,124.8,5.3,9.02,76.418,4.435146443514637,5.298113623523926
21,1989-10-01,125.4,5.3,8.84,76.486,4.587155963302747,5.032888864475926
22,1989-11-01,125.9,5.4,8.55,76.519,4.655029093931851,4.728730975583062
23,1989-12-01,126.3,5.4,8.45,76.496,4.639602319801162,4.392920015830337
24,1990-01-01,127.5,5.4,8.23,76.527,5.198019801980203,3.9528913158645373
25,1990-02-01,128.0,5.3,8.24,76.587,5.263157894736836,3.5407203114860453
26,1990-03-01,128.6,5.2,8.28,76.79,5.237315875613735,3.19849482596426
27,1990-04-01,128.9,5.4,8.26,77.039,4.711616571892785,2.9011446965952814
28,1990-05-01,129.1,5.4,8.18,77.297,4.365400161681476,2.658875091307511
29,1990-06-01,129.9,5.2,8.29,77.505,4.673650282030639,2.3925278093375857
30,1990-07-01,130.5,5.5,8.15,77.56,4.819277108433728,2.000289325214699
31,1990-08-01,131.6,5.7,8.13,77.479,5.702811244979911,1.586489923822243
32,1990-09-01,132.5,5.9,8.2,77.228,6.169871794871806,1.0599596953597246
33,1990-10-01,133.4,5.9,8.11,76.912,6.379585326953752,0.5569646732735523
34,1990-11-01,133.7,6.2,7.81,76.38,6.195393169181873,-0.1816542296684598
35,1990-12-01,134.2,6.3,7.31,75.971,6.254948535233562,-0.686310395314782
36,1991-01-01,134.7,6.4,6.91,75.532,5.647058823529405,-1.300194702523294
37,1991-02-01,134.8,6.6,6.25,75.247,5.312500000000009,-1.7496441954900965
38,1991-03-01,134.8,6.8,6.12,75.134,4.821150855365497,-2.156530798281031
39,1991-04-01,135.1,6.7,5.91,75.317,4.809930178432875,-2.235231506120283
40,1991-05-01,135.6,6.9,5.78,75.766,5.034856700232382,-1.9806719536333728
41,1991-06-01,136.0,6.9,5.9,76.255,4.695919938414161,-1.6127991742468262
42,1991-07-01,136.2,6.8,5.82,76.513,4.367816091954024,-1.3499226405363496
43,1991-08-01,136.6,6.9,5.66,76.59,3.7993920972644313,-1.1474076846629377
44,1991-09-01,137.0,6.9,5.45,76.576,3.396226415094339,-0.8442533796032547
45,1991-10-01,137.2,7.0,5.21,76.288,2.8485757121439192,-0.8113168296234763
46,1991-11-01,137.8,7.0,4.81,76.029,3.0665669409125185,-0.4595443833464219
47,1991-12-01,138.2,7.3,4.43,75.84,2.980625931445613,-0.17243421832014993
48,1992-01-01,138.3,7.3,4.03,75.703,2.672605790645899,0.22639411110523255
49,1992-02-01,138.6,7.4,4.06,75.658,2.8189910979228294,0.5462011774555853
50,1992-03-01,139.1,7.4,3.98,75.816,3.189910979228472,0.907711555354429
51,1992-04-01,139.4,7.4,3.73,76.081,3.1828275351591495,1.0143792238140215
52,1992-05-01,139.7,7.6,3.82,76.398,3.0235988200590036,0.8341472428265773
53,1992-06-01,140.1,7.8,3.76,76.602,3.0147058823529305,0.45505212772933845
54,1992-07-01,140.5,7.7,3.25,76.711,3.1571218795888534,0.2587795538013138
55,1992-08-01,140.8,7.6,3.3,76.732,3.0746705710102518,0.18540279409844374
56,1992-09-01,141.1,7.6,3.22,76.629,2.9927007299270114,0.06921228583369743
57,1992-10-01,141.7,7.3,3.1,76.599,3.279883381924198,0.40766568791947844
58,1992-11-01,142.1,7.4,3.09,76.58,3.1204644412191396,0.7247234607846931
59,1992-12-01,142.3,7.4,2.92,76.465,2.966714905933454,0.8241033755274296
60,1993-01-01,142.8,7.3,3.02,76.396,3.2537960954446943,0.9154194681848749
61,1993-02-01,143.1,7.1,3.03,76.329,3.2467532467532534,0.8868857225937665
62,1993-03-01,143.3,7.0,3.07,76.384,3.0194104960460155,0.7491822306637141
63,1993-04-01,143.8,7.1,2.96,76.661,3.1563845050215145,0.7623453950394987
64,1993-05-01,144.2,7.1,3.0,77.03,3.2211882605583497,0.8272467865650945
65,1993-06-01,144.3,7.0,3.04,77.517,2.9978586723768963,1.1944857836609923
66,1993-07-01,144.5,6.9,3.06,77.887,2.8469750889679624,1.5330265542099486
67,1993-08-01,144.8,6.8,3.03,78.133,2.840909090909083,1.8258353750716827
68,1993-09-01,145.0,6.7,3.09,78.2,2.7639971651311157,2.0501376763366386
69,1993-10-01,145.6,6.8,2.99,78.174,2.752293577981657,2.056162613088941
70,1993-11-01,146.0,6.6,3.02,78.172,2.7445460942997935,2.078871768085655
71,1993-12-01,146.3,6.5,2.96,78.115,2.8109627547435068,2.157849996730521
72,1994-01-01,146.3,6.6,3.05,78.2,2.450980392156854,2.3613801769726273
73,1994-02-01,146.7,6.6,3.25,78.205,2.515723270440251,2.457781446108309
74,1994-03-01,147.1,6.5,3.34,78.349,2.6517794836008246,2.572528278173447
75,1994-04-01,147.2,6.4,3.56,78.702,2.364394993045882,2.6623706969645555
76,1994-05-01,147.5,6.1,4.01,79.209,2.288488210818307,2.828768012462679
77,1994-06-01,147.9,6.1,4.25,79.702,2.494802494802495,2.81873653521163
78,1994-07-01,148.4,6.1,4.26,80.063,2.69896193771626,2.7937910049173897
79,1994-08-01,149.0,6.0,4.47,80.317,2.900552486187835,2.795233768062144
80,1994-09-01,149.3,5.9,4.73,80.34,2.965517241379323,2.7365728900255792
81,1994-10-01,149.4,5.8,4.76,80.305,2.609890109890123,2.7259702714457434
82,1994-11-01,149.8,5.6,5.29,80.17,2.602739726027403,2.555902369134744
83,1994-12-01,150.1,5.5,5.45,80.079,2.597402597402576,2.5142418229533448
84,1995-01-01,150.5,5.6,5.53,80.027,2.8708133971291794,2.33631713554987
85,1995-02-01,150.9,5.4,5.92,79.993,2.862985685071595,2.286298829998068
86,1995-03-01,151.2,5.4,5.98,80.078,2.7872195785180187,2.2067926840163787
87,1995-04-01,151.8,5.8,6.05,80.37,3.125000000000022,2.119387054966837
88,1995-05-01,152.1,5.6,6.01,80.692,3.1186440677966054,1.8722619904303572
89,1995-06-01,152.4,5.6,6.0,81.069,3.0425963488843744,1.7151388923740907
90,1995-07-01,152.6,5.7,5.85,81.412,2.8301886792452713,1.6849231230406048
91,1995-08-01,152.9,5.7,5.74,81.655,2.6174496644295386,1.6658988757050297
92,1995-09-01,153.1,5.6,5.8,81.739,2.54521098459477,1.741349265621106
93,1995-10-01,153.5,5.5,5.76,81.728,2.7443105756358666,1.7719942718386061
94,1995-11-01,153.7,5.6,5.8,81.632,2.603471295060067,1.823624797305734
95,1995-12-01,153.9,5.6,5.6,81.514,2.5316455696202667,1.7919804193359035
96,1996-01-01,154.7,5.6,5.56,81.428,2.7906976744185963,1.750659152536005
97,1996-02-01,155.0,5.5,5.22,81.401,2.717031146454607,1.7601540134761784
98,1996-03-01,155.5,5.5,5.31,81.667,2.8439153439153486,1.9843152925897334
99,1996-04-01,156.1,5.6,5.22,82.125,2.832674571805005,2.1836506159014446
100,1996-05-01,156.4,5.6,5.24,82.602,2.827087442472065,2.367025231745412
101,1996-06-01,156.7,5.3,5.27,83.049,2.8215223097112663,2.4423639122229224
102,1996-07-01,157.0,5.5,5.4,83.419,2.8833551769331667,2.465238539772985
103,1996-08-01,157.2,5.1,5.22,83.646,2.8122956180510084,2.4383075133182386
104,1996-09-01,157.7,5.2,5.3,83.703,3.0045721750489918,2.402769791653925
105,1996-10-01,158.2,5.2,5.24,83.63,3.0618892508143203,2.3272317932654607
106,1996-11-01,158.7,5.4,5.31,83.557,3.2530904359141077,2.358143865150919
107,1996-12-01,159.1,5.4,5.29,83.491,3.378817413905133,2.425350246583413
108,1997-01-01,159.4,5.3,5.25,83.53,3.0381383322559907,2.581421624011404
109,1997-02-01,159.7,5.2,5.19,83.596,3.0322580645161246,2.696527069692034
110,1997-03-01,159.8,5.2,5.39,83.911,2.7652733118971096,2.747743886759646
111,1997-04-01,159.9,5.1,5.51,84.32,2.434336963484962,2.67275494672754
112,1997-05-01,159.9,4.9,5.5,84.864,2.237851662404089,2.738432483474984
113,1997-06-01,160.2,5.0,5.56,85.399,2.233567326100827,2.829654782116564
114,1997-07-01,160.4,4.9,5.52,85.842,2.165605095541401,2.904614056749666
115,1997-08-01,160.8,4.8,5.54,86.152,2.2900763358778775,2.9959591612270797
116,1997-09-01,161.2,4.9,5.54,86.313,2.21940393151554,3.118167807605454
117,1997-10-01,161.5,4.7,5.5,86.41,2.0859671302149163,3.324165969149817
118,1997-11-01,161.7,4.6,5.52,86.633,1.8903591682419618,3.6813193388943954
119,1997-12-01,161.8,4.7,5.5,86.85,1.6970458830924073,4.0231881280617054
120,1998-01-01,162.0,4.6,5.56,87.166,1.6311166875784044,4.352927092062719
121,1998-02-01,162.0,4.6,5.51,87.376,1.440200375704448,4.5217474520311995
122,1998-03-01,162.0,4.7,5.49,87.879,1.3767209011263937,4.728819821000818
123,1998-04-01,162.2,4.3,5.45,88.559,1.4383989993745905,5.027277039848199
124,1998-05-01,162.6,4.4,5.49,89.375,1.6885553470919357,5.31556372549018
125,1998-06-01,162.8,4.5,5.56,90.195,1.6229712858926382,5.615990819564631
126,1998-07-01,163.2,4.5,5.54,90.86,1.74563591022443,5.845623354535068
127,1998-08-01,163.4,4.5,5.55,91.407,1.6169154228855787,6.099684278948825
128,1998-09-01,163.5,4.6,5.51,91.752,1.4267990074441794,6.301484133328694
129,1998-10-01,163.9,4.5,5.07,91.999,1.4860681114551078,6.468001388728162
130,1998-11-01,164.1,4.4,4.83,92.197,1.4842300556586308,6.422494892246622
131,1998-12-01,164.4,4.4,4.68,92.444,1.606922126081578,6.440990213010944
132,1999-01-01,164.7,4.3,4.63,92.714,1.6666666666666607,6.3648670353119385
133,1999-02-01,164.7,4.4,4.76,92.982,1.6666666666666607,6.415949459805881
134,1999-03-01,164.8,4.2,4.81,93.612,1.7283950617283939,6.523742873724081
135,1999-04-01,165.9,4.3,4.74,94.437,2.281134401972884,6.637382987612783
136,1999-05-01,166.0,4.2,4.74,95.362,2.091020910209096,6.698741258741259
137,1999-06-01,166.0,4.3,4.76,96.365,1.9656019656019597,6.8407339652974075
138,1999-07-01,166.7,4.3,4.99,97.194,2.1446078431372584,6.971164428791554
139,1999-08-01,167.1,4.2,5.07,97.899,2.2643818849449104,7.1023006990711846
140,1999-09-01,167.8,4.2,5.22,98.4,2.629969418960254,7.245618624117189
141,1999-10-01,168.1,4.1,5.2,98.832,2.56253813300793,7.427254644072212
142,1999-11-01,168.4,4.1,5.42,99.149,2.6203534430225606,7.540375500287433
143,1999-12-01,168.8,4.0,5.3,99.543,2.676399026763998,7.679243650209866
144,2000-01-01,169.3,4.0,5.45,100.0,2.792956891317555,7.858575835364667
145,2000-02-01,170.0,4.1,5.73,100.571,3.2179720704310855,8.161794755974272
146,2000-03-01,171.0,4.0,5.85,101.466,3.762135922330101,8.38995000640943
147,2000-04-01,170.9,3.8,6.02,102.54,3.013863773357439,8.580323390196654
148,2000-05-01,171.2,4.0,6.27,103.701,3.1325301204819134,8.744573310123528
149,2000-06-01,172.2,4.0,6.53,104.856,3.7349397590361377,8.811290406267847
150,2000-07-01,172.7,4.0,6.54,105.723,3.5992801439711952,8.775233039076479
151,2000-08-01,172.7,4.1,6.5,106.523,3.3512866546977715,8.809078744420272
152,2000-09-01,173.6,3.9,6.52,107.137,3.45649582836709,8.879065040650392
153,2000-10-01,173.9,3.9,6.51,107.729,3.4503271861986873,9.002145054233445
154,2000-11-01,174.2,3.9,6.51,108.292,3.444180522565321,9.221474750123559
155,2000-12-01,174.6,3.9,6.4,108.792,3.4360189573459543,9.291461981254322
156,2001-01-01,175.6,4.2,5.98,109.216,3.7212049616065945,9.216000000000001
157,2001-02-01,176.0,4.2,5.49,109.643,3.529411764705892,9.02049298505534
158,2001-03-01,176.1,4.3,5.31,110.395,2.9824561403508643,8.799992115585509
159,2001-04-01,176.4,4.4,4.8,111.247,3.2182562902282053,8.49132046030816
160,2001-05-01,177.3,4.3,4.21,112.202,3.5630841121495394,8.197606580457272
161,2001-06-01,177.7,4.5,3.97,113.273,3.193960511033689,8.027199206530856
162,2001-07-01,177.4,4.6,3.77,114.228,2.7214823393167498,8.044607133736271
163,2001-08-01,177.4,4.9,3.65,114.989,2.7214823393167498,7.947579395998994
164,2001-09-01,178.1,5.0,3.07,115.466,2.5921658986175045,7.774158320654867
165,2001-10-01,177.6,5.3,2.49,115.681,2.127659574468077,7.381485022603007
166,2001-11-01,177.5,5.5,2.09,115.837,1.894374282433997,6.967273667491591
167,2001-12-01,177.4,5.7,1.82,116.054,1.603665521191311,6.675123170821373
168,2002-01-01,177.7,5.7,1.73,116.436,1.1958997722095743,6.61075300322298
169,2002-02-01,178.0,5.7,1.74,116.917,1.1363636363636465,6.634258456992237
170,2002-03-01,178.5,5.7,1.73,117.93,1.3628620102214661,6.825490284886104
171,2002-04-01,179.3,5.9,1.75,119.21,1.643990929705219,7.157945832247159
172,2002-05-01,179.5,5.8,1.75,120.789,1.2408347433727984,7.6531612627225964
173,2002-06-01,179.6,5.8,1.75,122.334,1.0692177827799743,7.9992584287517765
174,2002-07-01,180.0,5.8,1.73,123.688,1.465614430665152,8.281682249536026
175,2002-08-01,180.5,5.7,1.74,124.731,1.747463359639223,8.472114724017077
176,2002-09-01,180.8,5.7,1.75,125.495,1.516002245929271,8.685673704813546
177,2002-10-01,181.2,5.7,1.75,126.138,2.0270270270270174,9.03951383546131
178,2002-11-01,181.5,5.9,1.34,126.644,2.2535211267605604,9.32948885071263
179,2002-12-01,181.8,6.0,1.24,127.152,2.4802705749718212,9.562789735812638
180,2003-01-01,182.6,5.8,1.24,127.653,2.757456387169399,9.633618468514893
181,2003-02-01,183.6,5.9,1.26,128.327,3.146067415730336,9.759059845873574
182,2003-03-01,183.9,5.9,1.25,129.308,3.025210084033625,9.648096328330347
183,2003-04-01,183.2,6.0,1.26,130.488,2.175125488008911,9.460615720157705
184,2003-05-01,182.9,6.1,1.26,131.84,1.8941504178273005,9.14901191333648
185,2003-06-01,183.1,6.3,1.22,133.226,1.948775055679297,8.903493713930711
186,2003-07-01,183.7,6.2,1.01,134.648,2.055555555555544,8.861005109630682
187,2003-08-01,184.5,6.1,1.03,135.966,2.216066481994461,9.007383890131582
188,2003-09-01,185.1,6.1,1.01,137.077,2.378318584070782,9.22905295031673
189,2003-10-01,184.9,6.0,1.01,137.977,2.041942604856528,9.385752112765378
190,2003-11-01,185.0,5.8,1.0,138.766,1.9283746556473913,9.571712832822698
191,2003-12-01,185.5,5.7,0.98,139.629,2.0352035203520247,9.81266515666288
192,2004-01-01,186.3,5.7,1.0,140.706,2.026286966046009,10.225376606895242
193,2004-02-01,186.7,5.6,1.01,142.029,1.688453159041381,10.677410054002667
194,2004-03-01,187.1,5.8,1.0,144.08,1.7400761283306032,11.423887153153721
195,2004-04-01,187.4,5.6,1.0,146.18,2.2925764192139875,12.025626877567298
196,2004-05-01,188.2,5.6,1.0,148.335,2.8977583378895444,12.511377427184467
197,2004-06-01,188.9,5.6,1.03,150.52,3.1676679410158393,12.980949664479912
198,2004-07-01,189.1,5.5,1.26,152.339,2.939575394665228,13.138702394391299
199,2004-08-01,189.2,5.4,1.43,153.815,2.5474254742547275,13.127546592530482
200,2004-09-01,189.8,5.4,1.61,155.108,2.5391680172879516,13.153920789045582
201,2004-10-01,190.8,5.5,1.76,156.298,3.1909140075716547,13.278300006522814
202,2004-11-01,191.7,5.4,1.93,157.495,3.621621621621607,13.496821988095075
203,2004-12-01,191.7,5.4,2.16,158.669,3.3423180592991875,13.636135759763391
204,2005-01-01,191.6,5.3,2.28,160.13,2.8448738593666034,13.804670731880675
205,2005-02-01,192.4,5.4,2.5,161.925,3.0530262453133394,14.008406733836054
206,2005-03-01,193.1,5.2,2.63,164.577,3.2068412613575736,14.226124375347027
207,2005-04-01,193.7,5.2,2.79,167.001,3.3617929562433257,14.2433985497332
208,2005-05-01,193.6,5.1,3.0,169.546,2.869287991498415,14.299389894495551
209,2005-06-01,193.7,5.0,3.04,172.018,2.541026998411855,14.282487377092746
210,2005-07-01,194.9,5.0,3.26,174.1,3.067160232681121,14.284588975902434
211,2005-08-01,196.1,4.9,3.5,175.926,3.6469344608879517,14.375060949842332
212,2005-09-01,198.8,5.0,3.62,177.613,4.741833508956805,14.509245171106588
213,2005-10-01,199.1,5.0,3.78,178.755,4.350104821802936,14.368066130084834
214,2005-11-01,198.1,5.0,4.0,179.676,3.3385498174230532,14.083621702276261
215,2005-12-01,198.1,4.9,4.16,180.109,3.3385498174230532,13.512406330159
216,2006-01-01,199.3,4.7,4.29,180.828,4.018789144050117,12.925747829888223
217,2006-02-01,199.4,4.8,4.49,181.499,3.63825363825363,12.08831249035045
218,2006-03-01,199.7,4.7,4.59,182.749,3.4179181771103018,11.041640083365234
219,2006-04-01,200.7,4.7,4.79,183.648,3.613835828600931,9.968203783210882
220,2006-05-01,201.3,4.6,4.94,184.38,3.9772727272727293,8.749247991695475
221,2006-06-01,201.8,4.6,4.99,184.547,4.1817243159525175,7.28354009464125
222,2006-07-01,202.9,4.7,5.24,184.607,4.104669061056954,6.035037334865012
223,2006-08-01,203.8,4.7,5.25,184.404,3.926568077511483,4.819071655127738
224,2006-09-01,202.8,4.5,5.25,184.198,2.012072434607637,3.707498888031857
225,2006-10-01,201.9,4.4,5.25,184.054,1.4063284781516971,2.964392604402688
226,2006-11-01,202.0,4.5,5.25,183.631,1.9687026754164672,2.2011843540595377
227,2006-12-01,203.1,4.4,5.24,183.229,2.5239777889954462,1.7322843389280917
228,2007-01-01,203.437,4.6,5.25,182.718,2.075765178123423,1.04519211626517
229,2007-02-01,204.226,4.5,5.26,182.47,2.420260782347028,0.5349891734940604
230,2007-03-01,205.288,4.4,5.26,182.192,2.798197295943927,-0.30478962949180843
231,2007-04-01,205.904,4.5,5.25,182.13,2.5929247633283525,-0.8265812859383215
232,2007-05-01,206.755,4.4,5.25,181.883,2.709885742672613,-1.3542683588241622
233,2007-06-01,207.234,4.6,5.25,181.539,2.692765113974227,-1.629937089196798
234,2007-07-01,207.603,4.7,5.26,180.993,2.3178905864958077,-1.9576722442810945
235,2007-08-01,207.667,4.6,5.02,180.235,1.897448478900876,-2.2607969458363075
236,2007-09-01,208.547,4.7,4.94,179.122,2.8338264299802685,-2.755730246799637
237,2007-10-01,209.19,4.7,4.76,177.53,3.610698365527476,-3.544611907375006
238,2007-11-01,210.834,4.7,4.49,175.162,4.373267326732666,-4.611966389117306
239,2007-12-01,211.445,5.0,4.24,173.337,4.108813392417532,-5.398708719689582
240,2008-01-01,212.174,5.0,3.94,171.077,4.294695655165981,-6.371019822896484
241,2008-02-01,212.687,4.9,2.98,169.19,4.142959270611968,-7.277908697320113
242,2008-03-01,213.448,5.1,2.61,167.901,3.9749035501344343,-7.843922894528843
243,2008-04-01,213.942,5.0,2.28,167.318,3.9037609759888126,-8.132652500960846
244,2008-05-01,215.208,5.4,1.98,167.015,4.088413823123993,-8.174485795813801
245,2008-06-01,217.463,5.6,2.0,166.534,4.935966105947864,-8.265441585554623
246,2008-07-01,219.016,5.8,2.01,165.712,5.497512078341837,-8.442867956219303
247,2008-08-01,218.69,6.1,2.0,164.277,5.308017162091239,-8.853996171664779
248,2008-09-01,218.877,6.1,1.81,161.912,4.953319875136075,-9.60797668628086
249,2008-10-01,216.995,6.5,0.97,159.163,3.7310578899565128,-10.345857038247052
250,2008-11-01,213.153,6.8,0.39,156.071,1.0999174706166848,-10.899053447665597
251,2008-12-01,211.398,7.3,0.16,152.544,-0.02222800255385904,-11.995707783104582
252,2009-01-01,211.933,7.8,0.15,149.361,-0.11358601902212717,-12.69369932837261
253,2009-02-01,212.705,8.3,0.22,147.616,0.008463140671510772,-12.751344642118323
254,2009-03-01,212.495,8.7,0.18,146.513,-0.4464787676623838,-12.7384589728471
255,2009-04-01,212.709,9.0,0.15,146.941,-0.5763244243767063,-12.178606007721825
256,2009-05-01,213.022,9.4,0.18,148.169,-1.015761495855172,-11.28401640571205
257,2009-06-01,214.79,9.5,0.21,149.796,-1.2291746182109153,-10.050800437147966
258,2009-07-01,214.726,9.5,0.16,150.748,-1.9587610037622771,-9.030124553442121
259,2009-08-01,215.445,9.6,0.16,150.668,-1.4838355663267633,-8.284178552079712
260,2009-09-01,215.861,9.8,0.15,149.626,-1.377942862886472,-7.58807253322793
261,2009-10-01,216.509,10.0,0.12,148.583,-0.22396829420033848,-6.6472735497571716
262,2009-11-01,217.234,9.9,0.12,147.938,1.9145871744709275,-5.211089824502957
263,2009-12-01,217.347,9.9,0.12,146.666,2.8141231232083674,-3.8533144535347286
264,2010-01-01,217.488,9.8,0.11,145.003,2.6211113889767157,-2.9177630037292235
265,2010-02-01,217.281,9.8,0.13,143.056,2.151336357866529,-3.089096032950356
266,2010-03-01,217.353,9.9,0.16,143.596,2.2861714393279886,-1.9909496085671607
267,2010-04-01,217.403,9.9,0.2,145.397,2.2067707525304403,-1.050761870410577
268,2010-05-01,217.29,9.6,0.2,147.03,2.003548929218568,-0.76871680310997
269,2010-06-01,217.199,9.4,0.18,147.697,1.1215605940686268,-1.401239018398348
270,2010-07-01,217.605,9.4,0.18,147.558,1.3407784804821077,-2.1161143099742596
271,2010-08-01,217.923,9.5,0.19,146.424,1.1501775395112546,-2.816789231953698
272,2010-09-01,218.275,9.5,0.19,144.605,1.1183122472331775,-3.355700212529922
273,2010-10-01,219.035,9.4,0.19,143.124,1.1666951489314625,-3.674040771824505
274,2010-11-01,219.59,9.8,0.19,141.812,1.084544776600338,-4.1409239005529175
275,2010-12-01,220.472,9.3,0.18,140.621,1.437793022217937,-4.121609643680191
276,2011-01-01,221.187,9.1,0.17,139.029,1.7007834915029774,-4.119914760384258
277,2011-02-01,221.898,9.0,0.16,137.724,2.124898173333145,-3.727211721283985
278,2011-03-01,223.046,9.0,0.14,137.779,2.619241510354109,-4.05094849438703
279,2011-04-01,224.093,9.1,0.1,139.153,3.0772344447868694,-4.294448991382216
280,2011-05-01,224.806,9.0,0.09,140.688,3.4589718808964998,-4.31340542746379
281,2011-06-01,224.806,9.1,0.09,141.94,3.5023181506360412,-3.8978449122189396
282,2011-07-01,225.395,9.0,0.07,142.339,3.5798809769996165,-3.5369142981065083
283,2011-08-01,226.106,9.0,0.1,141.781,3.75499603070808,-3.1709282631262603
284,2011-09-01,226.597,9.0,0.08,140.161,3.812621692818685,-3.073199405276439
285,2011-10-01,226.75,8.8,0.07,138.398,3.5222681306640524,-3.302031804589023
286,2011-11-01,227.169,8.6,0.08,136.653,3.451432214581729,-3.6379149860378712
287,2011-12-01,227.223,8.5,0.07,135.155,3.062066838419386,-3.8870438981375544
288,2012-01-01,227.842,8.3,0.08,134.157,3.0087663379855023,-3.5043048572599877
289,2012-02-01,228.329,8.3,0.1,133.987,2.8981784423473878,-2.713397810112972
290,2012-03-01,228.807,8.2,0.13,135.856,2.5828752813320977,-1.3957134251228465
291,2012-04-01,229.187,8.2,0.14,138.461,2.2731633741348567,-0.49729434507339576
292,2012-05-01,228.713,8.2,0.16,141.037,1.7379429374660749,0.2480666439213186
293,2012-06-01,228.524,8.2,0.16,143.158,1.653870448297634,0.8581090601662567
294,2012-07-01,228.59,8.2,0.16,144.272,1.4175114798464783,1.3580255587014145
295,2012-08-01,229.918,8.1,0.13,144.695,1.6859349154821235,2.0552824426403937
296,2012-09-01,231.015,7.8,0.14,144.347,1.9497168982819613,2.9865654497328142
297,2012-10-01,231.638,7.8,0.16,143.956,2.1556780595369363,4.01595398777439
298,2012-11-01,231.249,7.7,0.16,143.949,1.7960197033926262,5.33907049241511
299,2012-12-01,231.221,7.9,0.16,143.856,1.7595049796895523,6.437793644334278
300,2013-01-01,231.679,8.0,0.14,144.301,1.684061762098299,7.561290130220555
301,2013-02-01,232.937,7.7,0.15,145.153,2.0181404902574807,8.333644308776233
302,2013-03-01,232.282,7.5,0.14,147.953,1.5187472411246183,8.904281003415381
303,2013-04-01,231.797,7.6,0.15,150.963,1.138808047576867,9.029257336000729
304,2013-05-01,231.893,7.5,0.11,153.852,1.3903888279197085,9.086268142402343
305,2013-06-01,232.445,7.5,0.09,156.418,1.7157935271568725,9.262493189343267
306,2013-07-01,232.9,7.3,0.09,158.276,1.885471805415806,9.70666518797827
307,2013-08-01,233.456,7.2,0.08,159.382,1.538809488600279,10.150316182314523
308,2013-09-01,233.544,7.2,0.08,159.662,1.0947341081747997,10.609849875646882
309,2013-10-01,233.669,7.2,0.09,159.549,0.8767991434911471,10.831781933368534
310,2013-11-01,234.1,6.9,0.08,159.361,1.2328701961954458,10.706569687875556
311,2013-12-01,234.719,6.7,0.09,159.278,1.5128383667573297,10.720442664887099
312,2014-01-01,235.288,6.6,0.07,159.365,1.557758795574915,10.439290095009746
313,2014-02-01,235.547,6.7,0.07,159.866,1.1204746347724948,10.136201111930188
314,2014-03-01,236.028,6.7,0.08,161.179,1.6126949139408042,8.939325326286053
315,2014-04-01,236.468,6.2,0.09,162.955,2.015125303606169,7.943668316077468
316,2014-05-01,236.918,6.3,0.09,164.668,2.166947687079812,7.03013285495151
317,2014-06-01,237.231,6.1,0.1,166.197,2.0589816945944195,6.251838023756862
318,2014-07-01,237.498,6.2,0.09,167.121,1.9742378703305974,5.588339356567018
319,2014-08-01,237.46,6.1,0.09,167.436,1.7150983482969062,5.053268248610254
320,2014-09-01,237.477,5.9,0.09,167.228,1.6840509711232077,4.73876063183476
321,2014-10-01,237.43,5.7,0.09,166.897,1.6095417021513292,4.605481701546221
322,2014-11-01,236.983,5.8,0.09,166.645,1.231524989320798,4.570754450587056
323,2014-12-01,236.252,5.6,0.12,166.446,0.6531213919623191,4.500307638217471
324,2015-01-01,234.747,5.7,0.11,166.233,-0.22993097820542818,4.309603739842505
325,2015-02-01,235.342,5.5,0.11,166.612,-0.08703146293520536,4.219784069157906
326,2015-03-01,235.976,5.4,0.11,168.071,-0.022031284423873476,4.275991289187786
327,2015-04-01,236.222,5.4,0.12,169.957,-0.10403098939391064,4.296891779939238
328,2015-05-01,237.001,5.6,0.12,171.838,0.03503321824429584,4.354215755338009
329,2015-06-01,237.657,5.3,0.13,173.436,0.1795718097550525,4.355674290149647
330,2015-07-01,238.034,5.2,0.13,174.479,0.22568611104094582,4.402797972726358
331,2015-08-01,238.033,5.1,0.14,174.918,0.2413037985344868,4.468573066723991
332,2015-09-01,237.498,5.0,0.14,175.023,0.008842961634170088,4.661300739110663
333,2015-10-01,237.733,5.0,0.12,175.027,0.12761656067050708,4.871267907751475
334,2015-11-01,238.017,5.1,0.12,175.116,0.4363182169185187,5.08326082390711
335,2015-12-01,237.761,5.0,0.24,175.089,0.6387247515364791,5.192675101834832
336,2016-01-01,237.652,4.8,0.34,175.013,1.2375025026943876,5.2817430955345746
337,2016-02-01,237.336,4.9,0.38,175.261,0.8472775790126619,5.1911026816795935
338,2016-03-01,238.08,5.0,0.36,176.584,0.8916160965521946,5.065121288027097
339,2016-04-01,238.992,5.1,0.37,178.48,1.1726257503534843,5.014797860635345
340,2016-05-01,239.557,4.8,0.37,180.329,1.0784764621246223,4.941281905050121
341,2016-06-01,240.222,4.9,0.38,181.901,1.0792865347959424,4.880762932724458
342,2016-07-01,240.101,4.8,0.39,183.003,0.8683633430518256,4.885401681577717
343,2016-08-01,240.545,4.9,0.4,183.641,1.0553158595656864,4.986908151248004
344,2016-09-01,241.176,5.0,0.4,183.928,1.5486446201652182,5.0879027327837
345,2016-10-01,241.741,4.9,0.4,183.997,1.685924966243646,5.12492358321861
346,2016-11-01,242.026,4.7,0.41,184.206,1.6843334719788938,5.190844925649274
347,2016-12-01,242.637,4.7,0.54,184.379,2.0507989115119862,5.305873013153306
348,2017-01-01,243.618,4.7,0.65,184.633,2.5103933482571117,5.49673452829218
349,2017-02-01,244.006,4.6,0.66,185.001,2.8103616813294208,5.557425782119241
350,2017-03-01,243.892,4.4,0.79,186.51,2.44119623655914,5.621120826348935
351,2017-04-01,244.193,4.4,0.9,188.524,2.176223471915395,5.627521290900939
352,2017-05-01,244.004,4.4,0.91,190.519,1.8563431667619756,5.650782735999194
353,2017-06-01,244.163,4.3,1.04,192.243,1.640565809959127,5.685510250081083
354,2017-07-01,244.243,4.3,1.15,193.487,1.7251073506566073,5.728867832767781
355,2017-08-01,245.183,4.4,1.16,194.32,1.92812155729698,5.8151502115540765
356,2017-09-01,246.435,4.3,1.15,194.79,2.1805652303711787,5.905571745465621
357,2017-10-01,246.626,4.2,1.15,195.055,2.020757753132485,6.00988059587928
358,2017-11-01,247.284,4.2,1.16,195.419,2.172493864295566,6.0872067142221375
359,2017-12-01,247.805,4.1,1.3,195.816,2.129930719552253,6.202984070854067
360,2018-01-01,248.859,4.0,1.41,196.088,2.151318868063945,6.204199682613609
361,2018-02-01,249.529,4.1,1.42,196.879,2.263468931091861,6.420505835103585
362,2018-03-01,249.577,4.0,1.51,198.545,2.3309497646499366,6.452737118653151
363,2018-04-01,250.227,4.0,1.69,200.584,2.4709963021052994,6.397063503850964
364,2018-05-01,250.792,3.8,1.7,202.42,2.781921607842497,6.246621071914071
365,2018-06-01,251.018,4.0,1.82,204.013,2.8075506935940187,6.122459595407892
366,2018-07-01,251.214,3.8,1.91,204.922,2.854124785561929,5.909957774940944
367,2018-08-01,251.663,3.8,1.91,205.301,2.6429238568742575,5.650988060930429
368,2018-09-01,252.182,3.7,1.95,205.347,2.332055105808828,5.4196827352533505
369,2018-10-01,252.772,3.8,2.19,205.342,2.492032470218053,5.273897105944481
370,2018-11-01,252.594,3.8,2.2,205.079,2.147328577667773,4.943224558512727
371,2018-12-01,252.767,3.9,2.27,204.669,2.0023809043401064,4.521081014830264
372,2019-01-01,252.561,4.0,2.4,204.17,1.4875893578291333,4.121618864999377
373,2019-02-01,253.319,3.8,2.4,204.395,1.5188615351321877,3.8175732302581977
374,2019-03-01,254.277,3.8,2.41,205.743,1.8831863513063984,3.6253746002165688
375,2019-04-01,255.233,3.7,2.42,207.658,2.000583470209061,3.5267020300721708
376,2019-05-01,255.296,3.6,2.39,209.321,1.7959105553606136,3.4092480980140394
377,2019-06-01,255.213,3.6,2.38,210.555,1.671194894390049,3.206658399219653
378,2019-07-01,255.802,3.7,2.4,211.304,1.826331335037068,3.114355706073524
379,2019-08-01,256.036,3.6,2.13,211.662,1.7376412106666406,3.0983775042498607
380,2019-09-01,256.43,3.5,2.04,211.842,1.6844977040391562,3.1629388303700656
381,2019-10-01,257.155,3.6,1.83,211.937,1.7339736996186295,3.211715089947509
382,2019-11-01,257.879,3.6,1.55,212.078,2.092290394862917,3.412831152872786
383,2019-12-01,258.63,3.6,1.55,212.21,2.3195274699624457,3.6844856817593197
384,2020-01-01,258.906,3.6,1.55,212.368,2.5122643638566533,4.015281383161096
385,2020-02-01,259.246,3.5,1.58,213.187,2.339737643050843,4.301475085006978
386,2020-03-01,258.15,4.4,0.65,215.163,1.5231420852062971,4.578527580525216
387,2020-04-01,256.126,14.8,0.05,217.208,0.3498763874577149,4.598907819587983
388,2020-05-01,255.848,13.2,0.05,218.456,0.21621960391076112,4.364110624352069
389,2020-06-01,257.004,11.0,0.08,219.782,0.7017667595302868,4.382227921445714
390,2020-07-01,258.408,10.2,0.09,221.537,1.0187566946310067,4.842785749441569
391,2020-08-01,259.366,8.4,0.1,224.016,1.3005983533565635,5.836664115429313
392,2020-09-01,259.951,7.8,0.09,226.767,1.373084272511016,7.045345115699431
393,2020-10-01,260.249,6.8,0.09,229.776,1.2031654060780772,8.417123956647487
394,2020-11-01,260.895,6.7,0.09,232.279,1.169540753609244,9.525269004800109
395,2020-12-01,262.005,6.7,0.09,234.328,1.3049530216912242,10.422694500730412
396,2021-01-01,262.518,6.4,0.09,236.4,1.3951009246599089,11.316205831387038
397,2021-02-01,263.583,6.2,0.08,239.18,1.6729284154818336,12.192582099283733
398,2021-03-01,264.91,6.1,0.07,244.178,2.6186325779585795,13.485125230639095
399,2021-04-01,266.752,6.1,0.07,249.787,4.148739292379555,14.998987145961484
400,2021-05-01,268.452,5.8,0.06,255.412,4.926362527750849,16.916907752590916
401,2021-06-01,270.664,5.9,0.08,261.132,5.315092372103147,18.814097605809387
402,2021-07-01,271.994,5.4,0.1,265.463,5.25757716479367,19.827839141994353
403,2021-08-01,272.789,5.1,0.09,268.733,5.175312107215291,19.961520605671023
404,2021-09-01,273.887,4.7,0.08,271.381,5.361010344257178,19.673938447834118
405,2021-10-01,276.434,4.5,0.08,273.587,6.219044069333601,19.066830304296346
406,2021-11-01,278.799,4.1,0.08,275.954,6.862530903236941,18.80281902367411
407,2021-12-01,280.808,3.9,0.08,278.527,7.176580599606885,18.86202246423816
408,2022-01-01,282.39,4.0,0.08,281.904,7.5697666445729395,19.248730964466997
409,2022-02-01,284.535,3.8,0.08,287.123,7.948919315737357,20.044736181955013
410,2022-03-01,287.553,3.6,0.2,294.918,8.547431203050081,20.779922843171782
411,2022-04-01,288.764,3.7,0.33,301.537,8.251859404990402,20.717651439026042
412,2022-05-01,291.359,3.6,0.77,306.299,8.532996587844366,19.923496155231547
413,2022-06-01,294.996,3.6,1.21,308.095,8.989743741317646,17.984391035951177
414,2022-07-01,294.977,3.5,1.68,306.932,8.449818746001725,15.621386031198314
415,2022-08-01,295.209,3.6,2.33,303.51,8.218806476800754,12.941097669433965
416,2022-09-01,296.341,3.5,2.56,300.346,8.19827154994579,10.673186405827973
417,2022-10-01,297.863,3.6,3.08,298.565,7.7519407887596925,9.129819764828007
418,2022-11-01,298.648,3.6,3.78,296.751,7.119465995215202,7.536400994368608
419,2022-12-01,298.812,3.5,4.1,294.244,6.411498247913161,5.642899970200399
420,2023-01-01,300.356,3.4,4.33,292.739,6.362123304649603,3.8435070094783974
421,2023-02-01,301.509,3.6,4.57,293.536,5.965522694923298,2.2335375431435267
422,2023-03-01,301.744,3.5,4.65,297.459,4.935090226845151,0.86159542652533
423,2023-04-01,303.032,3.4,4.83,301.573,4.941059134795189,0.011938833377000968
424,2023-05-01,303.365,3.7,5.06,305.439,4.120689595996696,-0.28077140310610593
425,2023-06-01,304.003,3.6,5.08,308.398,3.053261739142221,0.09834628929388245
426,2023-07-01,304.628,3.5,5.12,310.32,3.271780511700917,1.1038275578955536
427,2023-08-01,306.187,3.8,5.33,311.683,3.718721312697104,2.692827254456187
428,2023-09-01,307.288,3.8,5.33,312.538,3.6940551594278226,4.059318252948274
429,2023-10-01,307.531,3.8,5.33,312.889,3.2457874929078256,4.797615259658694
430,2023-11-01,308.024,3.7,5.33,312.125,3.1394819319064515,5.180774454003534
431,2023-12-01,308.742,3.7,5.33,310.939,3.3231597124613543,5.673862508666283
432,2024-01-01,309.685,3.7,5.33,310.809,3.1059809026621865,6.172734073697073
433,2024-02-01,311.054,3.9,5.33,312.736,3.1657429794798686,6.540935353755573
434,2024-03-01,312.23,3.8,5.33,316.919,3.475131237075124,6.542078067901791
435,2024-04-01,313.207,3.9,5.33,320.85,3.3577311967053047,6.392150490925919
436,2024-05-01,313.225,4.0,5.33,323.794,3.2502101428971697,6.009383215633868
437,2024-06-01,313.049,4.1,5.33,325.347,2.975628529981611,5.495820336059243
438,2024-07-01,313.534,4.3,5.33,325.668,2.923565791719729,4.945862335653528
439,2024-08-01,314.121,4.2,5.33,325.111,2.5912269299480206,4.308223419307433
440,2024-09-01,314.686,4.1,5.13,324.743,2.4075134727031156,3.9051251367833606
441,2024-10-01,315.454,4.1,4.83,324.061,2.5763256387161038,3.570595322941994
442,2024-11-01,316.441,4.2,4.64,323.777,2.732579279536651,3.733119743692437
